  id  | CrewID |   gDate    | CourseID_id | PID_id 
------+--------+------------+-------------+--------
 4561 |      1 | 2025-04-19 |           2 |     15
 4562 |      1 | 2025-04-19 |           2 |     27
 4563 |      1 | 2025-04-19 |           2 |      8
 4564 |      1 | 2025-04-19 |           2 |      2
 4565 |      1 | 2025-04-19 |           3 |     17
 4566 |      1 | 2025-04-19 |           3 |     30
 4567 |      1 | 2025-04-19 |           3 |     23
 4568 |      1 | 2025-04-19 |           3 |     26
 4569 |      1 | 2025-04-19 |           1 |     16
 4570 |      1 | 2025-04-19 |           1 |     10
 4571 |      1 | 2025-04-19 |           1 |     13
 4572 |      1 | 2025-04-19 |           1 |      6
 4574 |      1 | 2025-04-26 |           2 |     23
 4575 |      1 | 2025-04-26 |           2 |     20
 4576 |      1 | 2025-04-26 |           2 |     10
 4577 |      1 | 2025-04-26 |           3 |     22
 4578 |      1 | 2025-04-26 |           3 |      6
 4579 |      1 | 2025-04-26 |           3 |     29
 4581 |      1 | 2025-04-26 |           1 |      9
 4582 |      1 | 2025-04-26 |           1 |     18
 4583 |      1 | 2025-04-26 |           1 |     16
 4584 |      1 | 2025-04-26 |           1 |     24
 4585 |      1 | 2025-05-03 |           2 |     11
 4586 |      1 | 2025-05-03 |           2 |      8
 4587 |      1 | 2025-05-03 |           2 |     26
 4589 |      1 | 2025-05-03 |           3 |     24
 4590 |      1 | 2025-05-03 |           3 |      4
 4592 |      1 | 2025-05-03 |           3 |     13
 4580 |      1 | 2025-04-26 |           3 |      1
 4588 |      1 | 2025-05-03 |           2 |     19
 4593 |      1 | 2025-05-03 |           1 |     27
 4594 |      1 | 2025-05-03 |           1 |     14
 4595 |      1 | 2025-05-03 |           1 |     22
 4596 |      1 | 2025-05-03 |           1 |     15
 4597 |      1 | 2025-05-10 |           2 |     30
 4599 |      1 | 2025-05-10 |           2 |     24
 4601 |      1 | 2025-05-10 |           3 |     12
 4603 |      1 | 2025-05-10 |           3 |     11
 4604 |      1 | 2025-05-10 |           3 |      8
 4605 |      1 | 2025-05-10 |           1 |     23
 4606 |      1 | 2025-05-10 |           1 |     28
 4607 |      1 | 2025-05-10 |           1 |     29
 4608 |      1 | 2025-05-10 |           1 |     17
 4609 |      1 | 2025-05-17 |           2 |     10
 4610 |      1 | 2025-05-17 |           2 |      2
 4611 |      1 | 2025-05-17 |           2 |     28
 4612 |      1 | 2025-05-17 |           2 |     22
 4613 |      1 | 2025-05-17 |           3 |     14
 4615 |      1 | 2025-05-17 |           3 |     30
 4616 |      1 | 2025-05-17 |           3 |     11
 4617 |      1 | 2025-05-17 |           1 |      4
 4618 |      1 | 2025-05-17 |           1 |     12
 4619 |      1 | 2025-05-17 |           1 |     15
 4620 |      1 | 2025-05-17 |           1 |      9
 4621 |      1 | 2025-05-24 |           2 |     18
 4622 |      1 | 2025-05-24 |           2 |     17
 4624 |      1 | 2025-05-24 |           2 |     14
 4625 |      1 | 2025-05-24 |           3 |      8
 4626 |      1 | 2025-05-24 |           3 |     16
 4627 |      1 | 2025-05-24 |           3 |      9
 4628 |      1 | 2025-05-24 |           3 |     23
 4629 |      1 | 2025-05-24 |           1 |     13
 4631 |      1 | 2025-05-24 |           1 |     27
 4632 |      1 | 2025-05-24 |           1 |     20
 4633 |      1 | 2025-05-31 |           2 |      6
 4634 |      1 | 2025-05-31 |           2 |     15
 4635 |      1 | 2025-05-31 |           2 |     18
 4636 |      1 | 2025-05-31 |           2 |     12
 4638 |      1 | 2025-05-31 |           3 |     22
 4639 |      1 | 2025-05-31 |           3 |      8
 4640 |      1 | 2025-05-31 |           3 |     24
 4642 |      1 | 2025-05-31 |           1 |     11
 4643 |      1 | 2025-05-31 |           1 |     17
 4644 |      1 | 2025-05-31 |           1 |     16
 4645 |      1 | 2025-06-07 |           2 |     29
 4646 |      1 | 2025-06-07 |           2 |      9
 4647 |      1 | 2025-06-07 |           2 |      2
 4648 |      1 | 2025-06-07 |           2 |     18
 4649 |      1 | 2025-06-07 |           3 |     28
 4650 |      1 | 2025-06-07 |           3 |     24
 4651 |      1 | 2025-06-07 |           3 |      6
 4652 |      1 | 2025-06-07 |           3 |     26
 4653 |      1 | 2025-06-07 |           1 |     17
 4654 |      1 | 2025-06-07 |           1 |     27
 4655 |      1 | 2025-06-07 |           1 |     12
 4656 |      1 | 2025-06-07 |           1 |     22
 4657 |      1 | 2025-06-14 |           2 |     22
 4658 |      1 | 2025-06-14 |           2 |     30
 4659 |      1 | 2025-06-14 |           2 |     10
 4660 |      1 | 2025-06-14 |           2 |     23
 4661 |      1 | 2025-06-14 |           3 |     15
 4662 |      1 | 2025-06-14 |           3 |     18
 4663 |      1 | 2025-06-14 |           3 |     28
 4664 |      1 | 2025-06-14 |           3 |     17
 4666 |      1 | 2025-06-14 |           1 |      6
 4667 |      1 | 2025-06-14 |           1 |     14
 4669 |      1 | 2025-06-21 |           2 |     16
 4670 |      1 | 2025-06-21 |           2 |     12
 4671 |      1 | 2025-06-21 |           2 |     20
 4672 |      1 | 2025-06-21 |           2 |     28
 4673 |      1 | 2025-06-21 |           3 |     11
 4674 |      1 | 2025-06-21 |           3 |     10
 4675 |      1 | 2025-06-21 |           3 |     15
 4676 |      1 | 2025-06-21 |           3 |      9
 4677 |      1 | 2025-06-21 |           1 |     24
 4678 |      1 | 2025-06-21 |           1 |     23
 4680 |      1 | 2025-06-21 |           1 |     18
 4681 |      1 | 2025-06-28 |           2 |      9
 4682 |      1 | 2025-06-28 |           2 |     14
 4683 |      1 | 2025-06-28 |           2 |     23
 4684 |      1 | 2025-06-28 |           2 |     11
 4685 |      1 | 2025-06-28 |           3 |     27
 4686 |      1 | 2025-06-28 |           3 |      4
 4687 |      1 | 2025-06-28 |           3 |      6
 4688 |      1 | 2025-06-28 |           3 |     28
 4689 |      1 | 2025-06-28 |           1 |     30
 4690 |      1 | 2025-06-28 |           1 |      8
 4691 |      1 | 2025-06-28 |           1 |     18
 4692 |      1 | 2025-06-28 |           1 |     26
 4693 |      1 | 2025-07-05 |           2 |     14
 4694 |      1 | 2025-07-05 |           2 |     13
 4695 |      1 | 2025-07-05 |           2 |     17
 4696 |      1 | 2025-07-05 |           2 |     15
 4697 |      1 | 2025-07-05 |           3 |     18
 4699 |      1 | 2025-07-05 |           3 |     11
 4700 |      1 | 2025-07-05 |           3 |     27
 4701 |      1 | 2025-07-05 |           1 |      6
 4702 |      1 | 2025-07-05 |           1 |      2
 4703 |      1 | 2025-07-05 |           1 |     30
 4704 |      1 | 2025-07-05 |           1 |      8
 4705 |      1 | 2025-07-12 |           2 |     12
 4709 |      1 | 2025-07-12 |           3 |     23
 4710 |      1 | 2025-07-12 |           3 |     15
 4711 |      1 | 2025-07-12 |           3 |     16
 4713 |      1 | 2025-07-12 |           1 |      8
 4714 |      1 | 2025-07-12 |           1 |     28
 4715 |      1 | 2025-07-12 |           1 |     14
 4717 |      1 | 2025-08-02 |           2 |      4
 4718 |      1 | 2025-08-02 |           2 |     16
 4719 |      1 | 2025-08-02 |           2 |     22
 4720 |      1 | 2025-08-02 |           2 |     30
 4721 |      1 | 2025-08-02 |           3 |     10
 4722 |      1 | 2025-08-02 |           3 |     17
 4723 |      1 | 2025-08-02 |           3 |      8
 4724 |      1 | 2025-08-02 |           3 |     12
 4725 |      1 | 2025-08-02 |           1 |     20
 4726 |      1 | 2025-08-02 |           1 |      9
 4727 |      1 | 2025-08-02 |           1 |     28
 4728 |      1 | 2025-08-02 |           1 |     29
 4668 |      1 | 2025-06-14 |           1 |      3
 4712 |      1 | 2025-07-12 |           3 |      3
 4623 |      1 | 2025-05-24 |           2 |      5
 4708 |      1 | 2025-07-12 |           2 |      5
 4598 |      1 | 2025-05-10 |           2 |     21
 4637 |      1 | 2025-05-31 |           3 |     21
 4698 |      1 | 2025-07-05 |           3 |     21
 4602 |      1 | 2025-05-10 |           3 |      1
 4679 |      1 | 2025-06-21 |           1 |      1
 4716 |      1 | 2025-07-12 |           1 |      1
 4614 |      1 | 2025-05-17 |           3 |     19
 4706 |      1 | 2025-07-12 |           2 |     19
 4630 |      1 | 2025-05-24 |           1 |      7
 4665 |      1 | 2025-06-14 |           1 |      7
 4707 |      1 | 2025-07-12 |           2 |      7
 4729 |      1 | 2025-08-09 |           2 |     13
 4730 |      1 | 2025-08-09 |           2 |     22
 4731 |      1 | 2025-08-09 |           2 |      9
 4732 |      1 | 2025-08-09 |           2 |      6
 4733 |      1 | 2025-08-09 |           3 |      2
 4734 |      1 | 2025-08-09 |           3 |     26
 4735 |      1 | 2025-08-09 |           3 |     27
 4736 |      1 | 2025-08-09 |           3 |     18
 4738 |      1 | 2025-08-09 |           1 |     24
 4739 |      1 | 2025-08-09 |           1 |     10
 4740 |      1 | 2025-08-09 |           1 |     14
 4741 |      1 | 2025-08-16 |           2 |     28
 4742 |      1 | 2025-08-16 |           2 |     11
 4743 |      1 | 2025-08-16 |           2 |     24
 4744 |      1 | 2025-08-16 |           2 |     12
 4745 |      1 | 2025-08-16 |           3 |     16
 4746 |      1 | 2025-08-16 |           3 |     27
 4747 |      1 | 2025-08-16 |           3 |     29
 4748 |      1 | 2025-08-16 |           3 |     10
 4749 |      1 | 2025-08-16 |           1 |     15
 4750 |      1 | 2025-08-16 |           1 |     30
 4752 |      1 | 2025-08-16 |           1 |      6
 4753 |      1 | 2025-08-23 |           2 |     17
 4754 |      1 | 2025-08-23 |           2 |      6
 4755 |      1 | 2025-08-23 |           2 |     16
 4756 |      1 | 2025-08-23 |           2 |     20
 4758 |      1 | 2025-08-23 |           3 |     14
 4760 |      1 | 2025-08-23 |           3 |      9
 4761 |      1 | 2025-08-23 |           1 |     22
 4762 |      1 | 2025-08-23 |           1 |     18
 4763 |      1 | 2025-08-23 |           1 |     12
 4764 |      1 | 2025-08-23 |           1 |     11
 4765 |      1 | 2025-08-30 |           2 |     24
 4766 |      1 | 2025-08-30 |           2 |     10
 4767 |      1 | 2025-08-30 |           2 |     27
 4768 |      1 | 2025-08-30 |           2 |     17
 4769 |      1 | 2025-08-30 |           3 |      9
 4770 |      1 | 2025-08-30 |           3 |     12
 4771 |      1 | 2025-08-30 |           3 |     30
 4772 |      1 | 2025-08-30 |           3 |     14
 4773 |      1 | 2025-08-30 |           1 |     11
 4774 |      1 | 2025-08-30 |           1 |      4
 4775 |      1 | 2025-08-30 |           1 |     23
 4776 |      1 | 2025-08-30 |           1 |     15
 4591 |      1 | 2025-05-03 |           3 |      3
 4641 |      1 | 2025-05-31 |           1 |      3
 4600 |      1 | 2025-05-10 |           2 |      5
 4759 |      1 | 2025-08-23 |           3 |      5
 4751 |      1 | 2025-08-16 |           1 |     21
 4737 |      1 | 2025-08-09 |           1 |     19
 4573 |      1 | 2025-04-26 |           2 |      7
 4757 |      1 | 2025-08-23 |           3 |      7
(216 rows)

